CACHE type 5 produced by analog 6.0/Unix. Do not modify or delete!
T	0	0	407	52	35	33	11067216
D	24727302	24735529
17171	212	1	1	203
17172	9	1	1	203
17172	90	1	1	203
17172	129	1	1	203
17172	176	1	0	8987
17172	187	1	0	318
17172	196	14	1	1042289
17172	197	25	1	42346
17172	199	43	1	38536
17172	215	13	1	22854
17172	216	5	0	152834
17172	218	8	0	4245
17172	219	45	1	163983
17172	243	9	2	35741
17173	5	6	1	497386
17173	27	1	1	4091
17173	39	2	2	8182
17173	124	7	1	497704
17173	125	6	1	497386
17173	160	1	1	4091
17173	185	7	1	15605
17173	186	19	4	79519
17173	187	24	2	807481
17173	276	1	1	1822
17173	281	1	1	1822
17174	23	1	1	1822
17174	34	6	1	495117
17174	54	3	1	1845
17174	89	1	1	1822
17174	93	5	1	347232
17174	162	13	1	564273
17174	163	8	0	176781
17174	164	4	0	39384
17174	165	9	1	59403
17174	166	1	0	2880
17174	167	11	2	419725
17174	168	15	1	1731591
17174	170	6	0	38098
17175	4	7	1	495435
17175	6	31	3	1382908
17175	10	21	3	801560
17175	12	2	1	9182
17175	13	2	0	11168
17175	14	2	0	19810
17175	15	1	0	14805
17175	21	1	0	8987
17175	22	1	1	1822
17175	74	1	1	1822
17175	92	1	1	1822
17175	105	8	1	504422
17176	22	1	1	1822
17176	112	1	1	1822
17177	129	1	1	1822
1	1	0	0	0	24731380	0	0	24731380	0	0	2859	/backend/index.php?r=app/view&id=2
1	17	0	0	0	24732032	0	0	24728664	0	0	329883	/backend/assets/9ab3e159/js/bootstrap.js
1	1	0	1	0	24732052	24728666	0	24732052	24728666	0	2187	/backend/index.php?r=site/index
1	1	0	0	0	24728760	0	0	24728760	0	0	2921	/backend/index.php?r=app/view&id=1
1	6	0	0	0	24732053	0	0	24731387	0	0	53460	/images/categoriesicon/category_icon_967337992.jpg
1	2	0	0	0	24728775	0	0	24728775	0	0	8898	/backend/index.php
1	10	0	0	0	24732032	0	0	24728664	0	0	11532	/backend/css/site.css
1	2	0	2	0	24731412	24728778	0	24730057	24728775	0	6966	/backend/index.php?r=sliders/index
1	14	0	0	0	24732528	0	0	24728664	0	0	15184	/css/site.css
1	1	0	0	0	24728779	0	0	24728779	0	0	2110	/assets/a20eb465/yii.captcha.js
1	1	0	0	0	24728897	0	0	24728897	0	0	4053	/index.php?r=site/request-password-reset
1	2	0	0	0	24732052	0	0	24730057	0	0	46848	/backend/assets/9ab3e159/fonts/glyphicons-halflings-regular.woff
1	35	35	0	3	24734004	0	24728661	24727302	0	24728613	93203	/
1	0	0	6	0	0	24732032	0	0	24728618	0	0	/backend
1	2	0	0	0	24728896	0	0	24728779	0	0	11356	/index.php?r=site/signup
1	3	0	0	0	24732032	0	0	24728779	0	0	94206	/assets/a20eb465/yii.activeForm.js
1	17	0	0	0	24732032	0	0	24728664	0	0	1201704	/backend/assets/9d304825/jquery.js
1	3	0	0	5	24732053	0	24731400	24731401	0	24731394	34222	/images/default.png
1	3	0	0	0	24732054	0	0	24731403	0	0	70424	/backend/assets/8aebf27e/themes/smoothness/jquery-ui.css
1	10	0	4	5	24731400	24731400	24731399	24731374	24731387	24731375	54319	/backend/index.php?r=categories/create
1	1	0	0	0	24728755	0	0	24728755	0	0	0	/backend/css/site.css?185.127.10.41
1	0	0	0	5	0	0	24732528	0	0	24728562	0	/img-sys/headerbg.jpg
1	15	0	0	0	24732528	0	0	24728664	0	0	163161	/assets/a20eb465/yii.js
1	17	0	0	0	24732032	0	0	24728664	0	0	639487	/backend/assets/9ab3e159/css/bootstrap.css
1	4	0	0	0	24731025	0	0	24728896	0	0	69	/robots.txt
1	6	0	0	0	24732528	0	0	24728616	0	0	1590	/favicon.ico
1	8	0	0	0	24732052	0	0	24728667	0	0	28704	/backend/assets/a20eb465/yii.gridView.js
1	1	0	0	0	24732069	0	0	24732069	0	0	6163	/backend/index.php?r=categories/update&id=1
1	2	0	0	0	24728896	0	0	24728779	0	0	13486	/index.php?r=site/contact
1	6	0	0	1	24732078	0	24731408	24731403	0	24731408	88830	/backend/index.php?r=vendor/create
1	2	0	0	0	24732052	0	0	24731380	0	0	53460	/images/logoimages/app_icon_475960872.jpg
1	2	0	0	0	24731401	0	0	24731400	0	0	5750	/backend/index.php?r=categories/view&id=7
1	1	0	0	0	24731398	0	0	24731398	0	0	2867	/backend/index.php?r=categories/view&id=6
1	1	0	0	0	24728779	0	0	24728779	0	0	2798	/index.php?r=site/captcha&v=586e40de1dc1f
1	1	1	0	0	24728133	0	0	24728133	0	0	203	/?author=1
1	0	0	0	5	0	0	24732528	0	0	24728562	0	/img-sys/bg.jpg
1	13	0	0	0	24732032	0	0	24728664	0	0	61316	/backend/assets/a20eb465/yii.validation.js
1	16	0	0	0	24732032	0	0	24728664	0	0	72516	/backend/assets/a20eb465/yii.js
1	1	0	0	0	24731394	0	0	24731394	0	0	2880	/backend/index.php?r=categories/view&id=4
1	1	0	0	0	24731387	0	0	24731387	0	0	2908	/backend/index.php?r=categories/view&id=2
1	4	0	0	0	24731401	0	0	24731398	0	0	1557148	/backend/assets/9ab3e159/css/bootstrap.css.map
1	2	0	0	0	24728896	0	0	24728779	0	0	4222	/index.php?r=site/about
1	4	0	0	0	24731376	0	0	24728760	0	0	54084	/backend/assets/9ab3e159/fonts/glyphicons-halflings-regular.woff2
1	0	0	2	0	0	24730057	0	0	24728775	0	0	/backend/index.php?r=site/logout
1	3	3	0	0	24735529	0	0	24730504	0	0	5466	/?69.58.178.56
1	5	5	8	1	24732052	24732032	24728618	24728758	24728664	24728618	13197	/backend/
1	6	0	0	0	24732052	0	0	24728760	0	0	510560	/images/logoimages/app_icon_2097447517.png
1	0	0	0	5	0	0	24732528	0	0	24728562	0	/img-sys/contentbox.jpg
1	15	0	2	1	24732052	24728778	24728666	24728667	24728775	24728666	60690	/backend/index.php?r=app/index
1	3	0	0	0	24732054	0	0	24731403	0	0	941192	/backend/assets/8aebf27e/jquery-ui.js
1	3	0	0	0	24732032	0	0	24728896	0	0	14378	/index.php?r=site/login
1	15	0	0	0	24732528	0	0	24728664	0	0	699597	/assets/9ab3e159/js/bootstrap.js
1	11	0	2	1	24732061	24728778	24728664	24730057	24728775	24728664	69856	/backend/index.php?r=categories/index
1	15	0	0	0	24732528	0	0	24728664	0	0	2317959	/assets/9d304825/jquery.js
1	13	0	0	0	24732032	0	0	24728664	0	0	125608	/backend/assets/a20eb465/yii.activeForm.js
1	5	0	0	0	24732528	0	0	24728562	0	0	44935	/cpanel
1	14	0	0	0	24732528	0	0	24728664	0	0	1168080	/assets/9ab3e159/css/bootstrap.css
1	8	0	2	0	24732071	24728778	0	24730057	24728775	0	40040	/backend/index.php?r=vendor/index
1	3	0	0	0	24728896	0	0	24728779	0	0	12273	/index.php?r=site/index
1	33	0	4	0	24732032	24732032	0	24728664	24728758	0	159407	/backend/index.php?r=site/login
1	1	1	0	0	24733554	0	0	24733554	0	0	1822	/?38.100.21.62
1	5	0	2	1	24731379	24731380	24731376	24728667	24728759	24731376	25060	/backend/index.php?r=app/create
1	7	7	0	0	24732062	0	0	24731387	0	0	3132	/images/
1	3	0	0	0	24732032	0	0	24728779	0	0	45987	/assets/a20eb465/yii.validation.js
3	3	0	2	0	24728775	24728775	0	24728775	24728775	0	8697	http://smartnarayangaon.com/backend/index.php
3	1	0	0	0	24732069	0	0	24732069	0	0	5005	http://smartnarayangaon.com/backend/index.php?r=categories/update&id=1
3	27	7	0	3	24732069	0	24731399	24730057	0	24731396	120889	http://smartnarayangaon.com/backend/index.php?r=categories/index
3	69	1	0	0	24732034	0	0	24728664	0	0	3541017	http://smartnarayangaon.com/
3	2	0	0	0	24731412	0	0	24730057	0	0	10010	http://smartnarayangaon.com/backend/index.php?r=sliders/index
3	1	1	0	0	24730734	0	0	24730734	0	0	1822	http://top10-way.com/try.php?u=http://smartnarayangaon.com
3	1	0	0	0	24728779	0	0	24728779	0	0	6744	http://smartnarayangaon.com/index.php?r=site/about
3	37	0	0	0	24732053	0	0	24728667	0	0	462781	http://smartnarayangaon.com/backend/index.php?r=app/index
3	5	0	0	0	24732528	0	0	24732528	0	0	493295	http://www.smartnarayangaon.com/
3	8	0	2	0	24732071	24730057	0	24730057	24730057	0	90969	http://smartnarayangaon.com/backend/index.php?r=vendor/index
3	0	0	0	3	0	0	24732528	0	0	24732528	0	http://www.smartnarayangaon.com/cpanel
3	6	0	4	4	24731400	24731400	24731387	24731376	24731387	24731375	15327	http://smartnarayangaon.com/backend/index.php?r=categories/create
3	5	0	0	0	24728779	0	0	24728779	0	0	57318	http://smartnarayangaon.com/index.php?r=site/contact
3	2	0	0	1	24731402	0	24731400	24731401	0	24731400	25825	http://smartnarayangaon.com/backend/index.php?r=categories/view&id=7
3	1	0	0	1	24731398	0	24731398	24731398	0	24731398	8008	http://smartnarayangaon.com/backend/index.php?r=categories/view&id=6
3	4	0	0	0	24732032	0	0	24730056	0	0	93462	http://smartnarayangaon.com/index.php?r=site/login
3	5	0	0	0	24732052	0	0	24728760	0	0	100932	http://smartnarayangaon.com/backend/assets/9ab3e159/css/bootstrap.css
3	1	0	0	1	24731396	0	24731394	24731396	0	24731394	6615	http://smartnarayangaon.com/backend/index.php?r=categories/view&id=4
3	2	0	0	0	24731387	0	0	24731387	0	0	31939	http://smartnarayangaon.com/backend/index.php?r=categories/view&id=2
3	8	0	0	1	24732061	0	24731408	24731403	0	24731408	1023813	http://smartnarayangaon.com/backend/index.php?r=vendor/create
3	0	0	0	12	0	0	24732109	0	0	24728562	0	http://smartnarayangaon.com/cpanel
3	92	4	14	2	24732032	24732032	24728666	24728664	24728666	24728664	2517440	http://smartnarayangaon.com/backend/index.php?r=site/login
3	2	0	0	0	24731381	0	0	24731380	0	0	30522	http://smartnarayangaon.com/backend/index.php?r=app/view&id=2
3	2	0	0	0	24728760	0	0	24728760	0	0	131885	http://smartnarayangaon.com/backend/index.php?r=app/view&id=1
3	15	0	2	1	24731380	24731380	24731376	24728667	24728759	24731376	9919	http://smartnarayangaon.com/backend/index.php?r=app/create
3	8	0	0	0	24732052	0	0	24728758	0	0	32724	http://smartnarayangaon.com/backend/
3	1	0	0	0	24728779	0	0	24728779	0	0	4091	http://smartnarayangaon.com/index.php?r=site/signup
4	3	1	0	0	24728896	0	0	24728896	0	0	14924	BlackBerry9000/4.6.0.167 Profile/MIDP-2.0 Configuration/CLDC-1.1 VendorID/102 ips-agent
4	1	1	0	0	24732373	0	0	24732373	0	0	1822	Mozilla/5.0 (Windows NT 6.0) AppleWebKit/537.11 (KHTML, like Gecko) Chrome/23.0.1271.97 Safari/537.11
4	6	1	0	0	24729146	0	0	24729146	0	0	497386	Mozilla/5.0 (X11; Linux x86_64) AppleWebKit/538.1 (KHTML, like Gecko) splash Safari/538.1
4	6	1	0	0	24728897	0	0	24728896	0	0	20817	Mozilla/5.0 (X11; Ubuntu; Linux i686; rv:14.0; ips-agent) Gecko/20100101 Firefox/14.0.1
4	139	16	14	21	24732528	24731400	24732528	24727302	24730056	24730048	5434455	Mozilla/5.0 (X11; Ubuntu; Linux x86_64; rv:50.0) Gecko/20100101 Firefox/50.0
4	3	1	0	0	24730832	0	0	24730832	0	0	1845	Mozilla/5.0 (X11; Ubuntu; Linux x86_64; rv:49.0) Gecko/20100101 Firefox/49.0
4	1	1	0	0	24729923	0	0	24729923	0	0	4091	Mozilla/5.0 (Windows NT 6.1) AppleWebKit/537.36 (KHTML, like Gecko) Chrome/27.0.1453.90 Safari/537.36
4	1	1	0	0	24728329	0	0	24728329	0	0	203	Mozilla/5.0 (Macintosh; Intel Mac OS X 10.6; rv:25.0) Gecko/20100101 Firefox/25.0
4	1	1	0	0	24728133	0	0	24728133	0	0	203	Mozilla/5.0 (Windows NT 6.3; WOW64; rv:28.0) Gecko/20100101 Firefox/28.0
4	2	2	0	0	24729318	0	0	24729315	0	0	8182	Mozilla/5.0 (Windows NT 6.1; WOW64) AppleWebKit/534.24 (KHTML, like Gecko) Chrome/11.0.696.71 Safari/534.24
4	6	1	0	0	24730734	0	0	24730734	0	0	495117	Mozilla/5.0 (Windows NT 6.1; WOW64) AppleWebKit/537.36 (KHTML, like Gecko) Chrome/32.0.1700.107 Safari/537.36
4	5	1	0	0	24731025	0	0	24731025	0	0	347232	Mozilla/4.0 (compatible; http://search.thunderstone.com/texis/websearch/about.html)
4	155	5	18	8	24728779	24728778	24728666	24728562	24728618	24728562	1476392	Mozilla/5.0 (X11; Linux i686) AppleWebKit/537.36 (KHTML, like Gecko) Ubuntu Chromium/39.0.2171.65 Chrome/39.0.2171.65 Safari/537.36
4	67	8	3	3	24732109	24732032	24732109	24732024	24732032	24732109	2743855	Mozilla/5.0 (X11; Ubuntu; Linux i686; rv:35.0) Gecko/20100101 Firefox/35.0
4	0	0	0	1	0	0	24728613	0	0	24728613	0	Mozilla/4.0 (compatible; MSIE 7.0; Windows NT 5.2)
4	6	6	0	0	24735529	0	0	24727729	0	0	11582	Mozilla/4.0 (compatible; MSIE 8.0; Windows NT 6.1; Trident/4.0)
4	1	1	0	0	24730529	0	0	24730529	0	0	1822	Mozilla/5.0 (compatible; GrapeshotCrawler/2.0; +http://www.grapeshot.co.uk/crawler.php)
5	6	1	0	0	24730734	0	0	24730734	0	0	495117	202.159.112.42
5	1	1	0	0	24730529	0	0	24730529	0	0	1822	89.145.95.39
5	5	1	0	0	24731025	0	0	24731025	0	0	347232	69.4.39.174
5	1	1	0	0	24728329	0	0	24728329	0	0	203	158.69.229.134
5	1	1	0	0	24729923	0	0	24729923	0	0	4091	173.79.162.220
5	6	6	0	0	24735529	0	0	24727729	0	0	11582	185.127.10.41
5	4	4	0	0	24733554	0	0	24730504	0	0	7288	198.186.192.44
5	361	29	35	32	24732528	24732032	24732528	24727302	24728618	24728562	9654702	183.87.239.56
5	2	2	0	0	24729318	0	0	24729315	0	0	8182	162.242.156.106
5	1	1	0	0	24728133	0	0	24728133	0	0	203	149.202.127.215
5	3	1	0	0	24730832	0	0	24730832	0	0	1845	158.69.25.178
5	6	1	0	0	24729146	0	0	24729146	0	0	497386	54.152.113.230
5	1	1	0	0	24732373	0	0	24732373	0	0	1822	54.85.53.235
5	9	2	0	0	24728897	0	0	24728896	0	0	35741	69.58.178.56
5	0	0	0	1	0	0	24728613	0	0	24728613	0	38.100.21.62
z	0	114	0	24732032	0
z	1	1	0	24731397	5
z	2	3	0	24731025	69
z	3	17	11	24732528	6428
z	4	174	41	24735529	734403
z	5	62	0	24732528	2045628
z	6	36	0	24732528	8280683
c	200	289	24735529
c	206	5	24732032
c	301	6	24732032
c	302	29	24732032
c	304	113	24732032
c	403	3	24731408
c	404	20	24732528
c	500	10	24731399
